[[ 1598.92307692  2001.67307692  2004.            38.99449969
    114.68161967    70.94038667]
 [ 1597.53846154  1993.51923077  2066.46153846    41.93147411
     59.27494294    52.53843338]
 [ 1627.09615385  2099.          2066.19230769    62.12247816
    101.26526476    78.15936345]
 ..., 
 [ 1927.88461538  2383.51923077  2082.38461538     2.68653227
      2.88557676     3.66980321]
 [ 1924.59615385  2383.94230769  2078.46153846     4.42570992
      3.17692075     4.01181686]
 [ 1924.63461538  2383.82692308  2075.82692308     4.60780628
      2.65098787     3.25056891]]
[[1]
 [1]
 [1]
 ..., 
 [7]
 [7]
 [7]]
